-0.387	0.393	-0.131
-0.396	0.402	-0.116
-0.405	0.409	-0.091
-0.410	0.417	-0.076
-0.424	0.428	-0.052
-0.434	0.428	-0.043
-0.449	0.433	-0.008
-0.464	0.437	0.028
-0.482	0.435	0.072
-0.496	0.431	0.098
-0.514	0.424	0.131
0.000	0.000	0.000
-0.548	0.398	0.195
-0.556	0.377	0.233
-0.561	0.338	0.310
-0.563	0.312	0.341
-0.572	0.286	0.370
-0.579	0.283	0.375
-0.572	0.278	0.378
-0.546	0.287	0.372
-0.527	0.310	0.355
-0.535	0.352	0.291
-0.548	0.376	0.253
-0.561	0.388	0.223
-0.563	0.387	0.228
-0.563	0.373	0.252
-0.568	0.371	0.258
-0.597	0.359	0.262
-0.618	0.354	0.263
-0.639	0.328	0.291
-0.639	0.287	0.346
-0.636	0.217	0.409
-0.668	0.185	0.419
-0.699	0.169	0.402
-0.734	0.132	0.396
-0.745	0.111	0.388
-0.754	0.080	0.391
-0.760	0.063	0.391
-0.762	0.046	0.392
-0.772	0.050	0.380
-0.783	0.090	0.357
-0.788	0.116	0.332
-0.790	0.139	0.310
-0.789	0.145	0.302
-0.790	0.155	0.304
-0.786	0.169	0.294
-0.781	0.198	0.279
-0.778	0.220	0.256
-0.772	0.251	0.224
-0.765	0.272	0.207
-0.758	0.291	0.192
-0.749	0.311	0.162
-0.743	0.322	0.139
-0.744	0.331	0.122
-0.749	0.319	0.128
-0.761	0.281	0.195
-0.758	0.249	0.264
-0.734	0.197	0.350
-0.718	0.179	0.394
0.000	0.000	0.000
-0.706	0.172	0.399
0.000	0.000	0.000
-0.716	0.168	0.395
-0.743	0.150	0.372
-0.755	0.143	0.368
-0.755	0.148	0.361
-0.749	0.157	0.365
-0.751	0.152	0.365
-0.767	0.138	0.357
-0.769	0.128	0.350
-0.764	0.130	0.361
-0.760	0.132	0.365
-0.750	0.135	0.380
-0.742	0.132	0.383
-0.751	0.118	0.384
-0.754	0.110	0.384
-0.750	0.108	0.392
-0.745	0.104	0.398
-0.739	0.090	0.410
-0.747	0.066	0.406
-0.756	0.041	0.406
-0.750	0.039	0.411
-0.732	0.061	0.427
-0.726	0.072	0.428
-0.715	0.077	0.433
-0.705	0.085	0.444
-0.698	0.081	0.450
-0.707	0.053	0.449
-0.717	0.040	0.445
-0.722	0.040	0.439
-0.709	0.063	0.445
-0.688	0.109	0.447
-0.676	0.131	0.450
-0.651	0.152	0.449
-0.641	0.153	0.456
0.000	0.000	0.000
-0.625	0.147	0.468
-0.613	0.132	0.478
-0.589	0.075	0.506
-0.569	0.036	0.521
-0.540	-0.012	0.526
-0.505	-0.021	0.528
-0.474	-0.011	0.519
-0.432	0.028	0.506
-0.428	0.058	0.496
-0.444	0.082	0.497
-0.453	0.067	0.503
-0.444	0.030	0.511
-0.426	0.022	0.503
-0.417	0.045	0.498
0.000	0.000	0.000
-0.413	0.056	0.494
-0.434	0.072	0.494
-0.453	0.092	0.494
-0.491	0.134	0.488
-0.513	0.162	0.474
-0.544	0.169	0.472
-0.554	0.164	0.472
-0.539	0.157	0.482
-0.531	0.145	0.484
-0.532	0.117	0.496
-0.548	0.105	0.500
-0.570	0.108	0.498
-0.591	0.092	0.497
-0.605	0.083	0.499
-0.628	0.047	0.496
-0.668	0.006	0.488
-0.711	-0.039	0.450
-0.728	-0.056	0.437
-0.754	-0.077	0.398
0.000	0.000	0.000
-0.773	-0.076	0.376
-0.803	-0.054	0.327
-0.819	-0.041	0.288
-0.837	-0.042	0.236
-0.843	-0.050	0.199
-0.846	-0.019	0.203
-0.841	0.020	0.233
-0.829	0.055	0.273
-0.832	0.076	0.260
-0.835	0.095	0.239
-0.838	0.131	0.200
-0.841	0.149	0.160
-0.844	0.167	0.102
-0.839	0.175	0.050
-0.830	0.180	-0.028
-0.817	0.184	-0.080
-0.797	0.194	-0.134
-0.789	0.202	-0.143
-0.806	0.209	-0.099
-0.812	0.221	-0.048
-0.814	0.243	0.039
-0.806	0.257	0.080
-0.784	0.282	0.129
-0.765	0.290	0.162
-0.735	0.292	0.237
-0.712	0.291	0.277
-0.689	0.290	0.302
-0.680	0.303	0.294
0.000	0.000	0.000
-0.661	0.352	0.231
-0.653	0.382	0.172
-0.648	0.394	0.126
-0.650	0.390	0.147
0.000	0.000	0.000
-0.650	0.354	0.235
-0.646	0.319	0.296
-0.624	0.274	0.364
-0.609	0.255	0.391
-0.572	0.254	0.403
-0.545	0.258	0.400
-0.521	0.271	0.394
-0.512	0.269	0.395
-0.518	0.258	0.406
-0.544	0.277	0.388
-0.560	0.286	0.372
-0.577	0.302	0.353
-0.591	0.317	0.328
-0.606	0.329	0.305
-0.619	0.341	0.283
-0.623	0.355	0.255
-0.620	0.369	0.230
-0.605	0.391	0.195
-0.594	0.403	0.159
-0.583	0.418	0.128
-0.574	0.425	0.109
-0.558	0.430	0.084
-0.553	0.432	0.077
-0.556	0.430	0.075
-0.559	0.434	0.063
-0.560	0.437	0.038
-0.557	0.438	0.016
-0.558	0.438	0.013
-0.550	0.439	0.006
-0.543	0.442	0.004
-0.527	0.440	-0.002
-0.510	0.444	-0.019
-0.483	0.438	-0.050
0.000	0.000	0.000
-0.461	0.436	-0.062
-0.440	0.426	-0.078
-0.434	0.424	-0.091
-0.423	0.416	-0.113
-0.411	0.406	-0.130
-0.400	0.391	-0.164
-0.394	0.373	-0.191
-0.377	0.334	-0.236
-0.368	0.300	-0.262
-0.354	0.240	-0.295
0.000	0.000	0.000
-0.348	0.167	-0.315
-0.354	0.122	-0.330
-0.356	0.050	-0.317
-0.350	0.007	-0.302
-0.340	-0.031	-0.278
-0.335	-0.038	-0.271
-0.325	-0.025	-0.266
-0.323	-0.009	-0.276
-0.325	0.017	-0.283
-0.324	0.020	-0.287
-0.327	0.063	-0.297
-0.342	0.115	-0.315
-0.369	0.183	-0.322
-0.404	0.296	-0.283
-0.433	0.350	-0.224
-0.471	0.417	-0.139
-0.496	0.429	-0.040
-0.523	0.432	0.080
-0.536	0.406	0.157
-0.564	0.357	0.274
-0.579	0.307	0.338
-0.572	0.234	0.420
-0.564	0.181	0.470
0.000	0.000	0.000
-0.576	0.079	0.501
-0.587	-0.019	0.514
-0.597	-0.106	0.498
-0.594	-0.141	0.488
-0.590	-0.183	0.463
-0.596	-0.220	0.438
-0.611	-0.246	0.394
-0.616	-0.267	0.368
-0.623	-0.286	0.312
-0.615	-0.315	0.201
-0.593	-0.318	0.085
-0.547	-0.257	-0.106
-0.530	-0.184	-0.210
-0.477	-0.081	-0.294
-0.423	-0.019	-0.318
-0.357	0.103	-0.313
-0.339	0.186	-0.291
-0.339	0.310	-0.208
-0.351	0.372	-0.115
-0.369	0.393	0.042
-0.385	0.384	0.138
-0.409	0.360	0.207
-0.401	0.338	0.260
-0.380	0.315	0.268
-0.301	0.272	0.252
0.000	0.000	0.000
-0.242	0.211	0.206
-0.182	0.116	0.118
-0.172	0.038	0.044
-0.208	-0.065	-0.055
-0.259	-0.135	-0.102
-0.357	-0.206	-0.134
-0.419	-0.248	-0.128
-0.507	-0.280	-0.092
0.000	0.000	0.000
-0.552	-0.291	-0.070
-0.598	-0.280	-0.062
-0.602	-0.287	-0.053
-0.594	-0.286	-0.053
-0.596	-0.275	-0.083
-0.597	-0.217	-0.166
-0.593	-0.171	-0.227
-0.574	-0.105	-0.286
-0.574	-0.074	-0.308
-0.600	0.005	-0.335
-0.636	0.092	-0.338
-0.648	0.123	-0.328
-0.643	0.139	-0.334
-0.632	0.149	-0.337
-0.610	0.183	-0.343
-0.594	0.219	-0.343
-0.579	0.255	-0.333
-0.572	0.280	-0.323
-0.564	0.323	-0.292
-0.571	0.357	-0.250
-0.591	0.380	-0.202
-0.613	0.403	-0.145
-0.613	0.403	-0.126
-0.585	0.419	-0.119
-0.561	0.417	-0.116
-0.512	0.420	-0.152
-0.480	0.399	-0.172
-0.420	0.352	-0.248
-0.344	0.278	-0.262
-0.244	0.147	-0.212
-0.213	0.092	-0.153
-0.210	0.089	-0.155
-0.235	0.115	-0.201
-0.287	0.216	-0.249
-0.329	0.268	-0.261
-0.366	0.311	-0.261
-0.392	0.305	-0.282
-0.411	0.273	-0.320
-0.413	0.239	-0.337
0.000	0.000	0.000
-0.383	0.147	-0.345
-0.332	0.112	-0.316
-0.280	0.109	-0.271
-0.227	0.148	-0.185
-0.221	0.194	-0.142
-0.229	0.227	-0.134
-0.222	0.250	-0.083
-0.213	0.237	-0.039
-0.192	0.195	0.029
-0.183	0.163	0.066
-0.179	0.127	0.122
-0.181	0.097	0.161
-0.183	0.052	0.193
-0.181	0.021	0.193
-0.183	-0.021	0.182
-0.184	-0.040	0.168
-0.183	-0.061	0.143
-0.185	-0.082	0.116
-0.190	-0.093	0.090
-0.195	-0.085	0.031
-0.194	-0.070	-0.008
-0.198	0.001	-0.094
-0.200	0.040	-0.121
-0.198	0.076	-0.120
-0.190	0.075	-0.100
-0.181	0.065	-0.055
-0.175	0.047	-0.033
0.000	0.000	0.000
-0.175	0.027	-0.018
-0.176	-0.005	-0.017
-0.181	-0.029	-0.009
-0.185	-0.041	-0.022
-0.200	-0.031	-0.074
-0.212	-0.006	-0.132
-0.234	0.058	-0.200
-0.254	0.094	-0.232
-0.260	0.135	-0.239
-0.250	0.137	-0.227
-0.236	0.136	-0.201
-0.234	0.114	-0.203
-0.240	0.081	-0.215
-0.239	0.009	-0.192
-0.227	-0.035	-0.148
-0.215	-0.077	-0.080
-0.211	-0.081	-0.055
-0.206	-0.047	-0.076
-0.203	-0.008	-0.111
-0.218	0.063	-0.172
0.000	0.000	0.000
-0.238	0.122	-0.207
-0.253	0.174	-0.222
-0.280	0.242	-0.222
-0.297	0.261	-0.228
-0.316	0.285	-0.236
-0.326	0.285	-0.230
-0.352	0.300	-0.258
-0.372	0.288	-0.282
-0.419	0.246	-0.336
-0.450	0.193	-0.364
-0.479	0.117	-0.372
-0.482	0.062	-0.371
-0.452	0.030	-0.358
0.000	0.000	0.000
-0.435	0.033	-0.354
-0.408	0.088	-0.358
-0.397	0.127	-0.354
-0.374	0.161	-0.343
-0.363	0.161	-0.333
-0.352	0.160	-0.328
-0.361	0.168	-0.330
-0.410	0.230	-0.339
-0.465	0.278	-0.328
-0.533	0.350	-0.275
-0.574	0.385	-0.210
-0.580	0.394	-0.194
-0.570	0.377	-0.229
-0.552	0.339	-0.279
-0.510	0.251	-0.344
-0.493	0.181	-0.367
-0.495	0.083	-0.370
-0.501	0.030	-0.362
-0.481	-0.045	-0.332
-0.438	-0.065	-0.313
-0.397	-0.056	-0.301
-0.349	-0.004	-0.299
-0.333	0.049	-0.308
-0.345	0.133	-0.318
-0.363	0.165	-0.331
-0.384	0.222	-0.326
-0.386	0.250	-0.317
-0.396	0.283	-0.299
-0.424	0.291	-0.304
-0.473	0.309	-0.306
-0.508	0.298	-0.313
-0.570	0.272	-0.325
-0.621	0.223	-0.326
0.000	0.000	0.000
-0.681	0.169	-0.300
-0.710	0.143	-0.281
0.000	0.000	0.000
-0.727	0.145	-0.261
-0.732	0.143	-0.259
-0.727	0.143	-0.262
-0.721	0.146	-0.270
-0.713	0.182	-0.267
-0.714	0.202	-0.261
-0.710	0.248	-0.239
-0.703	0.272	-0.229
-0.697	0.305	-0.209
-0.692	0.328	-0.188
-0.672	0.343	-0.194
-0.640	0.340	-0.228
-0.634	0.328	-0.254
-0.627	0.291	-0.283
-0.619	0.281	-0.299
-0.617	0.262	-0.311
-0.623	0.268	-0.306
-0.609	0.282	-0.306
-0.606	0.275	-0.308
-0.666	0.246	-0.286
-0.728	0.226	-0.236
-0.785	0.214	-0.150
-0.823	0.208	-0.012
-0.827	0.204	0.046
-0.828	0.213	0.079
-0.827	0.212	0.080
-0.828	0.213	0.028
-0.825	0.205	-0.005
-0.820	0.213	-0.046
-0.810	0.203	-0.078
-0.796	0.200	-0.130
0.000	0.000	0.000
-0.779	0.199	-0.172
-0.739	0.213	-0.228
-0.711	0.210	-0.267
-0.647	0.238	-0.305
-0.596	0.261	-0.321
-0.523	0.314	-0.305
-0.474	0.338	-0.283
-0.420	0.371	-0.228
-0.391	0.378	-0.192
-0.375	0.394	-0.130
-0.375	0.401	-0.074
-0.372	0.411	0.031
-0.362	0.371	0.170
-0.353	0.311	0.273
-0.339	0.189	0.390
-0.341	0.103	0.432
0.000	0.000	0.000
-0.379	-0.024	0.483
-0.387	-0.041	0.489
-0.404	-0.050	0.492
-0.427	-0.072	0.503
-0.439	-0.094	0.501
-0.447	-0.122	0.499
-0.448	-0.148	0.488
-0.447	-0.183	0.472
-0.417	-0.241	0.411
-0.387	-0.269	0.350
-0.372	-0.285	0.290
-0.376	-0.303	0.271
-0.383	-0.307	0.236
-0.383	-0.316	0.228
-0.370	-0.306	0.191
-0.362	-0.308	0.146
0.000	0.000	0.000
-0.362	-0.294	0.062
-0.359	-0.290	0.017
-0.370	-0.271	-0.040
-0.393	-0.258	-0.097
-0.456	-0.201	-0.205
-0.499	-0.150	-0.263
-0.556	-0.036	-0.332
-0.603	0.051	-0.348
-0.680	0.186	-0.302
-0.714	0.229	-0.249
-0.753	0.283	-0.136
-0.770	0.297	-0.048
-0.755	0.328	0.070
-0.729	0.333	0.146
-0.684	0.335	0.233
-0.649	0.322	0.291
-0.632	0.305	0.330
-0.604	0.282	0.370
-0.580	0.261	0.398
-0.550	0.207	0.445
-0.529	0.161	0.477
-0.452	0.083	0.500
-0.386	0.001	0.489
-0.344	-0.087	0.450
-0.318	-0.131	0.407
-0.283	-0.177	0.327
-0.261	-0.213	0.192
-0.261	-0.220	0.099
-0.264	-0.191	-0.021
-0.266	-0.161	-0.082
-0.272	-0.097	-0.165
0.000	0.000	0.000
-0.276	-0.073	-0.197
-0.292	-0.030	-0.243
0.000	0.000	0.000
-0.313	-0.016	-0.271
-0.348	0.037	-0.310
-0.394	0.064	-0.348
-0.481	0.122	-0.371
-0.528	0.154	-0.372
-0.588	0.206	-0.347
-0.650	0.218	-0.308
-0.736	0.263	-0.194
-0.773	0.272	-0.096
-0.784	0.292	0.053
-0.768	0.291	0.146
-0.715	0.291	0.275
-0.680	0.261	0.340
-0.665	0.289	0.330
-0.653	0.290	0.339
-0.651	0.290	0.337
-0.627	0.262	0.382
-0.600	0.220	0.430
-0.572	0.152	0.480
-0.552	0.093	0.507
-0.531	0.039	0.522
-0.522	0.034	0.523
-0.448	0.069	0.503
-0.391	0.063	0.481
-0.316	0.004	0.438
-0.290	-0.064	0.405
-0.279	-0.140	0.358
-0.270	-0.204	0.246
-0.272	-0.233	0.138
-0.282	-0.212	-0.008
-0.294	-0.183	-0.092
-0.291	-0.139	-0.154
-0.290	-0.117	-0.177
-0.286	-0.054	-0.219
-0.292	-0.015	-0.250
-0.297	0.059	-0.275
-0.302	0.117	-0.290
-0.336	0.255	-0.277
-0.371	0.346	-0.217
-0.436	0.428	-0.072
-0.473	0.435	0.015
-0.538	0.421	0.146
-0.581	0.372	0.239
-0.671	0.294	0.307
-0.714	0.246	0.324
-0.752	0.202	0.322
0.000	0.000	0.000
-0.777	0.176	0.308
-0.795	0.168	0.282
-0.792	0.149	0.298
-0.791	0.112	0.327
-0.769	0.052	0.387
-0.754	0.014	0.413
-0.734	-0.045	0.431
-0.717	-0.079	0.444
-0.696	-0.121	0.449
-0.691	-0.141	0.444
-0.680	-0.149	0.443
-0.681	-0.171	0.432
-0.689	-0.226	0.376
-0.697	-0.252	0.323
-0.712	-0.273	0.206
-0.722	-0.262	0.099
-0.731	-0.221	-0.022
-0.733	-0.106	-0.173
-0.727	-0.034	-0.236
-0.720	0.049	-0.264
-0.722	0.061	-0.263
0.000	0.000	0.000
-0.729	0.104	-0.261
-0.732	0.138	-0.254
-0.691	0.182	-0.287
-0.651	0.204	-0.313
-0.602	0.251	-0.320
-0.614	0.261	-0.312
-0.623	0.278	-0.290
-0.627	0.310	-0.271
-0.614	0.371	-0.210
-0.607	0.390	-0.164
-0.606	0.412	-0.118
-0.595	0.416	-0.107
-0.598	0.427	-0.061
-0.630	0.411	-0.057
-0.651	0.406	-0.036
-0.660	0.399	0.031
-0.671	0.342	0.244
-0.666	0.203	0.413
-0.655	0.125	0.463
-0.657	0.006	0.493
-0.672	-0.095	0.477
-0.675	-0.207	0.408
-0.666	-0.243	0.374
-0.667	-0.253	0.355
-0.680	-0.245	0.357
-0.686	-0.266	0.303
0.000	0.000	0.000
-0.661	-0.289	0.024
-0.652	-0.258	-0.071
-0.643	-0.233	-0.126
-0.643	-0.184	-0.183
-0.639	-0.173	-0.189
-0.613	-0.163	-0.219
0.000	0.000	0.000
-0.600	-0.146	-0.247
-0.580	-0.072	-0.303
-0.558	-0.021	-0.338
-0.515	0.092	-0.371
-0.494	0.188	-0.364
-0.471	0.350	-0.272
-0.471	0.416	-0.141
-0.492	0.429	0.119
-0.497	0.353	0.285
-0.479	0.196	0.453
-0.459	0.076	0.502
-0.453	-0.050	0.515
-0.461	-0.128	0.503
-0.476	-0.169	0.484
-0.483	-0.186	0.478
-0.513	-0.183	0.483
-0.535	-0.187	0.483
-0.559	-0.195	0.472
-0.542	-0.226	0.450
-0.520	-0.243	0.437
-0.497	-0.263	0.410
-0.486	-0.294	0.361
-0.476	-0.325	0.279
-0.468	-0.328	0.248
-0.454	-0.336	0.200
-0.445	-0.335	0.151
-0.425	-0.323	0.074
-0.416	-0.308	0.026
-0.417	-0.286	-0.058
-0.439	-0.183	-0.217
-0.456	-0.094	-0.301
-0.499	0.066	-0.367
-0.555	0.174	-0.362
0.000	0.000	0.000
-0.618	0.309	-0.277
-0.644	0.362	-0.197
-0.639	0.416	-0.048
-0.622	0.420	0.055
-0.563	0.412	0.163
-0.529	0.395	0.203
-0.508	0.372	0.263
-0.503	0.358	0.286
0.000	0.000	0.000
-0.494	0.342	0.315
-0.491	0.322	0.331
-0.481	0.286	0.377
-0.471	0.239	0.416
-0.457	0.162	0.471
-0.416	0.085	0.484
-0.387	-0.019	0.490
-0.358	-0.071	0.464
-0.330	-0.114	0.428
-0.305	-0.134	0.387
-0.265	-0.141	0.322
-0.223	-0.148	0.186
-0.215	-0.143	0.094
-0.208	-0.101	-0.001
-0.203	-0.094	-0.012
-0.203	-0.081	-0.034
-0.208	-0.062	-0.064
-0.239	-0.028	-0.169
-0.277	-0.014	-0.228
-0.331	-0.043	-0.265
-0.358	-0.062	-0.278
-0.397	-0.078	-0.294
-0.485	-0.060	-0.318
-0.557	-0.063	-0.318
-0.613	-0.058	-0.299
0.000	0.000	0.000
-0.622	-0.066	-0.294
-0.627	-0.050	-0.297
-0.645	-0.059	-0.284
-0.681	-0.110	-0.220
-0.694	-0.154	-0.174
-0.698	-0.208	-0.094
-0.712	-0.238	-0.030
-0.743	-0.229	0.052
-0.761	-0.230	0.116
-0.771	-0.213	0.206
-0.767	-0.202	0.261
-0.761	-0.167	0.327
-0.744	-0.153	0.374
-0.672	-0.102	0.473
-0.603	-0.074	0.523
-0.487	-0.030	0.523
-0.389	-0.023	0.489
-0.239	-0.009	0.335
-0.187	-0.003	0.194
-0.175	0.015	-0.006
-0.234	0.035	-0.185
-0.313	0.065	-0.292
-0.446	0.080	-0.362
0.000	0.000	0.000
-0.512	0.095	-0.372
-0.541	0.099	-0.365
-0.550	0.110	-0.365
-0.559	0.129	-0.364
-0.594	0.133	-0.349
-0.648	0.091	-0.324
-0.670	0.047	-0.302
-0.709	0.016	-0.268
-0.810	0.050	-0.129
-0.850	0.055	0.011
0.000	0.000	0.000
-0.857	0.053	0.155
-0.850	0.031	0.203
-0.840	0.032	0.239
-0.831	0.048	0.276
-0.798	0.086	0.327
-0.762	0.092	0.384
-0.674	0.096	0.465
-0.598	0.061	0.506
-0.469	0.024	0.517
-0.387	0.011	0.483
-0.273	0.004	0.381
-0.215	-0.017	0.282
-0.177	-0.034	0.086
-0.196	-0.030	-0.063
-0.289	0.045	-0.263
-0.390	0.097	-0.344
-0.503	0.156	-0.366
-0.549	0.150	-0.365
-0.596	0.148	-0.350
-0.615	0.150	-0.340
-0.635	0.123	-0.335
-0.654	0.078	-0.320
-0.678	0.058	-0.303
-0.711	0.044	-0.269
-0.726	0.064	-0.260
-0.724	0.123	-0.263
-0.714	0.166	-0.265
-0.688	0.231	-0.272
-0.679	0.261	-0.259
-0.686	0.277	-0.241
-0.692	0.273	-0.236
-0.695	0.265	-0.237
-0.721	0.256	-0.214
0.000	0.000	0.000
-0.752	0.238	-0.177
-0.793	0.239	-0.093
-0.811	0.232	-0.012
-0.820	0.221	0.084
0.000	0.000	0.000
-0.801	0.117	0.307
-0.786	0.027	0.362
-0.761	-0.113	0.373
-0.742	-0.170	0.362
-0.719	-0.191	0.367
-0.720	-0.209	0.353
-0.694	-0.235	0.349
-0.652	-0.267	0.359
-0.604	-0.313	0.277
-0.603	-0.335	0.153
-0.582	-0.309	-0.002
-0.575	-0.296	-0.052
-0.548	-0.279	-0.088
-0.536	-0.263	-0.127
-0.526	-0.186	-0.222
-0.513	-0.130	-0.278
-0.481	-0.043	-0.329
-0.459	0.091	-0.364
-0.455	0.176	-0.361
-0.472	0.307	-0.306
-0.491	0.386	-0.215
-0.489	0.441	-0.028
-0.476	0.428	0.094
-0.449	0.353	0.273
-0.423	0.276	0.364
-0.404	0.188	0.423
-0.369	0.083	0.458
-0.339	0.004	0.481
0.000	0.000	0.000
-0.334	-0.087	0.436
-0.327	-0.120	0.416
-0.288	-0.115	0.371
-0.283	-0.119	0.374
-0.282	-0.114	0.359
-0.292	-0.133	0.372
-0.328	-0.158	0.397
-0.360	-0.186	0.409
-0.389	-0.222	0.396
-0.378	-0.236	0.374
-0.347	-0.221	0.360
-0.328	-0.234	0.317
-0.306	-0.239	0.252
-0.302	-0.247	0.229
-0.295	-0.244	0.189
-0.299	-0.252	0.175
-0.303	-0.257	0.164
-0.300	-0.258	0.137
-0.294	-0.228	0.022
0.000	0.000	0.000
-0.301	-0.204	-0.074
-0.320	-0.142	-0.177
-0.359	-0.079	-0.263
-0.383	-0.020	-0.312
-0.428	0.090	-0.356
-0.460	0.171	-0.365
-0.531	0.282	-0.324
-0.576	0.333	-0.272
-0.603	0.381	-0.180
-0.609	0.397	-0.141
-0.625	0.412	-0.081
-0.644	0.408	-0.044
-0.678	0.383	-0.066
-0.695	0.359	-0.091
-0.698	0.350	-0.104
-0.708	0.339	-0.117
-0.720	0.328	-0.113
-0.729	0.336	-0.071
-0.731	0.337	-0.024
-0.738	0.340	0.057
-0.739	0.326	0.104
-0.745	0.310	0.152
-0.758	0.284	0.175
-0.761	0.253	0.234
-0.756	0.222	0.284
-0.709	0.191	0.373
-0.634	0.179	0.433
-0.483	0.170	0.461
-0.387	0.159	0.429
-0.268	0.146	0.328
-0.217	0.133	0.234
